1 0.987129 0.115176 0.025742 0.066191
1 0.526367 0.103516 0.099609 0.050781
1 0.567383 0.156250 0.111328 0.054688
1 0.193359 0.100586 0.097656 0.048828
1 0.354492 0.058594 0.087891 0.046875
1 0.324219 0.106445 0.121094 0.052734
1 0.867188 0.095703 0.101562 0.046875
1 0.644766 0.379258 0.112207 0.029199
2 0.450000 0.053730 0.046973 0.023496
2 0.526094 0.048574 0.043223 0.028184
2 0.684863 0.047168 0.043223 0.017852
2 0.737012 0.050449 0.046035 0.020664
2 0.054902 0.355801 0.056563 0.033281
2 0.026621 0.123711 0.053242 0.038262
2 0.658828 0.137012 0.046582 0.041602
0 0.778633 0.009863 0.026621 0.019727
2 0.691406 0.120117 0.035156 0.037109
2 0.256836 0.330078 0.048828 0.035156
2 0.583984 0.051758 0.062500 0.041016
2 0.860352 0.136719 0.048828 0.035156
2 0.779297 0.282227 0.046875 0.033203
0 0.527637 0.027109 0.018125 0.023691
0 0.545742 0.029199 0.018125 0.027871
