1 0.228047 0.914004 0.105234 0.066191
1 0.068359 0.894531 0.101562 0.046875
1 0.341797 0.944336 0.097656 0.048828
1 0.652344 0.880859 0.105469 0.046875
1 0.650391 0.982422 0.074219 0.035156
1 0.373047 0.769531 0.070312 0.074219
1 0.864258 0.751953 0.064453 0.058594
1 0.965605 0.260508 0.052266 0.059941
1 0.970996 0.634004 0.038418 0.081465
1 0.914883 0.538711 0.036895 0.072246
1 0.999712 0.049180 0.000576 0.046113
2 0.789785 0.997817 0.056934 0.004365
2 0.794668 0.785762 0.037422 0.042305
2 0.890645 0.813418 0.034160 0.055313
2 0.941895 0.370918 0.019531 0.052051
2 0.858926 0.458770 0.019531 0.045547
2 0.474180 0.946816 0.060195 0.042305
2 0.323359 0.755801 0.030996 0.044160
2 0.708535 0.799961 0.042285 0.017852
2 0.925566 0.650586 0.023496 0.047910
2 0.911934 0.179902 0.016914 0.036641
2 0.938711 0.095352 0.017852 0.029121
2 0.982402 0.070469 0.018789 0.033828
2 0.986621 0.038516 0.014102 0.033828
0 0.453965 0.649687 0.023301 0.044922
0 0.491387 0.817715 0.028281 0.048242
0 0.244336 0.450039 0.029941 0.038262
0 0.552949 0.237910 0.021621 0.033281
0 0.536309 0.230430 0.021621 0.041602
2 0.698242 0.830078 0.029297 0.035156
0 0.047852 0.454102 0.017578 0.037109
2 0.881836 0.608398 0.021484 0.037109
2 0.617188 0.924805 0.046875 0.037109
0 0.357422 0.385742 0.019531 0.037109
2 0.880859 0.957031 0.042969 0.035156
2 0.436523 0.726562 0.021484 0.035156
2 0.061523 0.935547 0.048828 0.035156
2 0.661133 0.806641 0.033203 0.035156
2 0.762695 0.782227 0.033203 0.037109
2 0.612305 0.841797 0.044922 0.039062
0 0.745723 0.699785 0.025098 0.047402
0 0.613984 0.063418 0.012539 0.032070
0 0.603535 0.060645 0.013945 0.037637
0 0.480156 0.315039 0.020918 0.039023
0 0.512227 0.295527 0.018125 0.033457
0 0.687695 0.015801 0.011035 0.030156
0 0.663437 0.011406 0.013965 0.022793
0 0.646523 0.010664 0.009551 0.018379
2 0.640625 0.817344 0.024258 0.016914
