1 0.831055 0.828125 0.107422 0.050781
1 0.065430 0.751953 0.064453 0.058594
1 0.166777 0.260508 0.052266 0.059941
1 0.172168 0.634004 0.038418 0.081465
1 0.116055 0.538711 0.036895 0.072246
1 0.216738 0.049180 0.032285 0.046113
1 0.225176 0.101445 0.033809 0.046113
1 0.232871 0.010000 0.052266 0.019980
2 0.009712 0.997817 0.019424 0.004365
2 0.007275 0.785762 0.014551 0.042305
2 0.091816 0.813418 0.034160 0.055313
2 0.143066 0.370918 0.019531 0.052051
2 0.060098 0.458770 0.019531 0.045547
2 0.126738 0.650586 0.023496 0.047910
2 0.212695 0.599375 0.013145 0.033828
2 0.113105 0.179902 0.016914 0.036641
2 0.139883 0.095352 0.017852 0.029121
2 0.183574 0.070469 0.018789 0.033828
2 0.187793 0.038516 0.014102 0.033828
2 0.233828 0.130586 0.019727 0.035703
2 0.224961 0.982480 0.018301 0.035039
2 0.083008 0.608398 0.021484 0.037109
0 0.556641 0.618164 0.019531 0.033203
2 0.082031 0.957031 0.042969 0.035156
0 0.679688 0.598633 0.019531 0.029297
0 0.633789 0.604492 0.017578 0.033203
2 0.648438 0.873047 0.035156 0.035156
0 0.666191 0.517168 0.016719 0.039023
0 0.681523 0.514375 0.025098 0.039023
0 0.312441 0.092285 0.009551 0.031621
